d
1553.017577355430830721161328256130218505859375
1881.38043802659240100183524191379547119140625
1636.38759201103539453470148146152496337890625
1514.16879649953762054792605340480804443359375
1782.35035445525363684282638132572174072265625
1125.0938937126620658091269433498382568359375
1763.35447094392975486698560416698455810546875
1226.681651152649237701552920043468475341796875
1862.905163115040295451763086020946502685546875
1722.0438333652718938537873327732086181640625
1543.90964073991517579997889697551727294921875
1210.108968387148479450843296945095062255859375
1201.827718273312484598136506974697113037109375
1039.69565927882513278746046125888824462890625
1349.73895776291828951798379421234130859375
1242.917334450642329102265648543834686279296875
1626.703397820262352979625575244426727294921875
1303.91900595829019948723725974559783935546875
1974.934685005158144122106023132801055908203125
1781.70300009225002213497646152973175048828125
